              precision    recall  f1-score   support

       anger     0.7538    0.8483    0.7983      1101
anticipation     0.3366    0.4071    0.3685       425
     disgust     0.7581    0.7671    0.7626      1099
        fear     0.8402    0.6722    0.7468       485
         joy     0.7951    0.9071    0.8474      1442
        love     0.4882    0.8391    0.6172       516
    optimism     0.6710    0.8635    0.7552      1143
   pessimism     0.4382    0.2933    0.3514       375
     sadness     0.7760    0.6604    0.7136       960
    surprise     0.3256    0.2471    0.2809       170
       trust     0.1789    0.2876    0.2206       153

   micro avg     0.6707    0.7414    0.7042      7869
   macro avg     0.5783    0.6175    0.5875      7869
weighted avg     0.6826    0.7414    0.7037      7869
 samples avg     0.6896    0.7572    0.6899      7869
