              precision    recall  f1-score   support

       anger     0.8114    0.7856    0.7983      1101
anticipation     0.4554    0.1200    0.1899       425
     disgust     0.7672    0.7498    0.7584      1099
        fear     0.8138    0.7031    0.7544       485
         joy     0.8802    0.8155    0.8467      1442
        love     0.6910    0.5504    0.6127       516
    optimism     0.7348    0.7612    0.7477      1143
   pessimism     0.5161    0.2133    0.3019       375
     sadness     0.7965    0.6115    0.6918       960
    surprise     0.6667    0.0588    0.1081       170
       trust     0.0000    0.0000    0.0000       153

   micro avg     0.7817    0.6466    0.7077      7869
   macro avg     0.6485    0.4881    0.5282      7869
weighted avg     0.7450    0.6466    0.6794      7869
 samples avg     0.7583    0.6694    0.6778      7869
