              precision    recall  f1-score   support

       anger     0.8089    0.7611    0.7843      1101
anticipation     0.4186    0.0847    0.1409       425
     disgust     0.7660    0.7389    0.7522      1099
        fear     0.8250    0.6804    0.7458       485
         joy     0.8702    0.7947    0.8307      1442
        love     0.7139    0.4981    0.5868       516
    optimism     0.7260    0.7419    0.7339      1143
   pessimism     0.4745    0.1733    0.2539       375
     sadness     0.7694    0.6292    0.6923       960
    surprise     0.6667    0.0118    0.0231       170
       trust     0.0000    0.0000    0.0000       153

   micro avg     0.7774    0.6275    0.6945      7869
   macro avg     0.6399    0.4649    0.5040      7869
weighted avg     0.7362    0.6275    0.6627      7869
 samples avg     0.7476    0.6488    0.6616      7869
