              precision    recall  f1-score   support

       anger     0.7741    0.8029    0.7882      1101
anticipation     0.3286    0.3812    0.3529       425
     disgust     0.7033    0.8262    0.7598      1099
        fear     0.8047    0.7052    0.7516       485
         joy     0.7956    0.8932    0.8416      1442
        love     0.6078    0.6667    0.6359       516
    optimism     0.6746    0.8723    0.7608      1143
   pessimism     0.4113    0.4640    0.4361       375
     sadness     0.7062    0.7260    0.7160       960
    surprise     0.4265    0.1706    0.2437       170
       trust     0.0999    0.5686    0.1699       153

   micro avg     0.6314    0.7513    0.6862      7869
   macro avg     0.5757    0.6433    0.5870      7869
weighted avg     0.6744    0.7513    0.7049      7869
 samples avg     0.6531    0.7630    0.6711      7869
